3,2
3,1
3,3
10,75
10,67
10,233
10,273
10,191
10,139
10,297
10,1
10,81
10,2
10,3
11,29
11,17
11,9
11,5
11,4
11,28
11,19
11,1
11,27
11,2
11,3
9,7
9,1
9,5
9,2
9,3
8,5
8,13
8,16
8,14
8,12
8,1
8,4
8,2
8,3
12,2
12,1
12,3
20,2
20,1
20,3
19,2
19,1
19,3
35,7
35,6
35,5
35,4
35,3
35,2
35,1
35,0
34,5
34,4
34,3
34,2
34,1
34,0
18,1
33,79
33,78
33,77
33,76
33,75
33,74
33,73
33,72
33,71
33,70
33,69
33,68
33,67
33,66
18,3
33,65
33,64
33,37
33,36
33,35
33,34
33,33
33,32
33,31
33,30
33,29
33,28
33,27
33,26
33,25
33,24
33,23
33,22
33,21
33,20
33,19
33,18
33,17
33,16
33,15
14,3
13,1
33,14
33,13
33,12
33,11
33,10
33,9
